338693
0
838
839
840
841
815
814
818
819
820
812
811
821
822
823
824
825
553
554
555
556
557
593
594
595
596
597
599
598
588
589
590
574
573
572
591
592
559
560
558
561
562
563
549
548
547
546
545
540
544
543
542
541
539
537
536
535
534
533
532
531
529
526
527
528
525
522
521
520
517
516
567
566
568
569
570
514
515
523
524
530
999
510
511
512
513
487
486
490
491
492
484
483
493
494
495
496
497
225
226
227
228
229
265
266
267
268
269
271
270
260
261
262
246
245
244
263
264
231
232
230
233
234
235
221
220
219
218
217
212
216
215
214
213
211
209
208
207
206
205
204
203
201
198
199
200
197
194
193
192
189
188
239
238
240
241
242
186
187
195
196
202
996
182
183
184
185
159
158
162
163
164
156
155
165
166
167
168
169
161
160
172
171
170
173
174
179
180
181
178
175
177
176
157
154
153
151
152
150
149
144
143
148
146
147
145
131
130
129
128
127
125
124
123
122
120
121
257
256
255
254
253
249
250
247
248
252
251
243
237
236
191
190
222
223
224
499
498
500
489
488
485
482
481
479
480
478
477
472
471
476
474
475
473
459
458
457
456
455
453
452
451
450
448
449
585
584
583
582
581
577
578
575
576
580
579
571
565
564
519
518
550
551
552
827
826
828
817
816
813
810
809
807
808
806
805
800
799
804
802
803
801
787
786
785
784
783
781
780
779
778
776
777
913
912
911
910
909
905
906
903
904
916
917
918
922
921
923
924
925
927
926
928
929
930
931
932
933
936
934
935
937
938
939
940
955
956
954
953
993
961
962
963
964
965
966
967
968
701
700
699
698
697
706
696
695
694
693
692
691
690
689
688
680
679
678
677
674
675
676
682
686
687
681
673
672
669
670
666
667
668
719
720
718
717
721
715
714
713
711
712
723
722
716
707
709
708
710
728
729
727
725
724
726
663
665
664
671
685
683
684
988
989
990
984
983
985
986
987
970
971
972
981
980
982
975
974
973
976
978
977
979
950
949
951
952
945
946
947
948
944
943
942
941
957
958
959
960
769
767
766
768
770
771
772
773
775
774
762
761
760
759
758
757
756
789
790
791
792
794
793
788
752
753
754
755
747
748
746
749
750
751
733
734
735
738
744
745
743
742
741
740
739
737
736
730
731
732
615
616
614
613
612
627
628
626
625
992
633
634
635
636
637
638
639
640
373
372
371
370
369
378
368
367
366
365
364
363
362
361
360
352
351
350
349
346
347
348
354
358
359
353
345
344
341
342
338
339
340
391
392
390
389
393
387
386
385
383
384
395
394
388
379
381
380
382
400
401
399
397
396
398
335
337
336
343
357
355
356
660
661
662
656
655
657
658
659
642
643
644
653
652
654
647
646
645
648
650
649
651
622
621
623
624
617
618
619
620
641
377
376
375
374
412
411
410
406
407
408
409
416
417
415
414
413
418
420
419
426
425
424
423
422
421
405
427
461
462
463
464
466
465
460
428
429
430
431
432
433
434
446
444
445
447
443
442
441
439
438
440
632
631
630
629
611
610
609
608
606
607
605
604
603
602
601
600
797
796
795
798
1001
908
907
899
900
901
902
919
920
887
888
886
884
885
883
882
881
880
879
878
876
875
874
873
868
872
871
870
869
867
865
864
863
862
861
860
859
857
854
855
856
853
850
849
848
845
844
895
894
896
897
898
842
843
851
852
858
846
847
893
892
891
890
889
877
866
837
836
835
830
829
831
834
833
832
538
509
508
507
502
501
503
506
505
504
210
272
273
274
275
276
277
280
278
279
281
282
283
284
299
300
298
297
991
305
306
307
308
309
310
311
312
45
44
43
42
41
50
40
39
38
37
36
35
34
33
32
24
23
22
21
18
19
20
26
30
31
25
17
16
13
14
10
11
12
63
64
62
61
65
59
58
57
55
56
67
66
60
51
53
52
54
72
73
71
69
68
70
7
9
8
15
29
27
28
332
333
334
328
327
329
330
331
314
315
316
325
324
326
319
318
317
320
322
321
323
294
293
295
296
289
290
291
292
402
403
404
287
288
286
285
301
302
303
304
113
111
110
112
114
115
116
117
119
118
106
105
104
103
102
101
100
133
134
135
136
138
137
132
96
97
98
99
91
92
90
93
94
95
77
78
79
82
88
89
87
86
85
84
83
81
80
74
75
76
139
140
141
142
995
259
258
126
994
107
108
109
47
48
46
49
313
467
468
469
470
998
587
586
454
997
435
436
437
1000
763
764
765
703
704
702
705
969
782
914
915
1
2
5
3
4
6
